000011111
011000100
000011110
000100100
011010101
100010100
000000001
000100100
011001001
100001000
011000001
000100001
011011100
000000100
000111100
000111110
110011110
100001000
000000001
000100100
011011101
100011100
000000000
011001100
000000001
011010001
000110000
100000100
111000000
001010111
101000001
000011111
011011000
000000001
000111000
110011000
001100001
011110000
110011101
000000001
000110000
000101100
010111110
101111100
100100100
010011101
110011101
001000000
101000000
111000001
000000000
011000100
011001100
000011111
011011000
000011111
000111000
000000001
000111000
001000000
101000010
111000010
001011011
101000011
100000100
110011100
001100001
011110000
000000001
000101100
011000111
000110000
110011100
011010100
010111110
101111100
000000001
100110100
110010100
010011100
001000000
101000010
111000011
000011111
011000100
000011111
000100100
000000010
000100100
011011001
011001101
011010001
000111001
000011111
000100100
000100100
000000001
000100100
001000000
101000100
111000100
001011011
101000101
100010000
110010000
011010100
101110100
000000111
100110100
110010000
010100001
010010100
110010100
011101100
000000001
000101100
011010011
001000000
101000100
111000101
111100000
