000011111
011000100
000000001
000100100
011001001
000011111
000100100
000000001
000100100
011010101
000000111
000100100
011011001
100011000
001111010
000011111
000100100
000011001
000100100
110010111
100001100
010101101
010111001
001101110
011010101
011000111
110011010
000000000
011001100
110010100
011010000
000000001
000110000
111000110
011011101
110010000
011010100
000110111
100010100
110011100
011011000
110010100
010111100
101111100
000000001
100111000
110011000
010011100
110011100
011011000
110010100
010111100
101111100
000000001
100111000
110011000
010011100
110011100
011011000
110010100
010111100
101111100
000000001
100111000
110011000
010011100
110011100
011011000
110010100
010111100
101111100
000000001
100111000
110011000
010011100
110011100
011011000
110010100
010111100
101111100
000000001
100111000
110011000
010011100
110011100
011011000
110010100
010111100
101111100
000000001
100111000
110011000
010011100
110011100
011011000
110010100
010111100
101111100
000000001
100111000
110011000
010011100
001011110
101000111
000000001
000101100
001000000
101000110
111000111
000011111
011001000
000101000
000101000
000101000
000000011
000101000
011000110
000000001
000100100
000101101
100001100
000000000
011000100
000011111
011010000
000110000
000000001
000110000
110010000
011011000
000000001
000111000
100011000
010111010
000011111
011011100
000000001
000111100
110011110
001111010
000011111
000111100
000111100
000111100
000000010
000111100
110010010
000000001
000110000
000101000
001000000
101001000
111001000
001010001
101000101
011010110
100010100
110011000
001110100
110011100
010110100
110010100
011100100
000000001
000100100
000101000
110011000
011010100
010111011
101111000
000000001
100110100
110010100
010011000
001000000
101001000
111000101
111100000
